0,541
104,5
104,4
104,3
104,1
104,0
103,35
0,540
13,68
0,689
13,36
0,688
0,687
13,27
0,686
13,66
0,685
0,684
13,17
0,683
13,1
0,682
13,29
0,681
13,2
0,680
0,679
13,5
0,678
0,677
16,7
0,676
0,675
16,8
16,1
0,674
0,673
0,672
16,6
16,2
0,671
0,670
16,5
0,669
0,668
8,7
0,667
0,666
0,665
8,6
8,2
0,664
8,1
0,663
0,662
8,5
0,661
0,660
0,659
0,658
0,657
5,6
0,656
5,2
0,655
5,1
0,654
0,653
5,5
0,652
0,651
0,650
0,649
6,6
0,648
6,2
6,1
0,647
0,646
6,5
0,645
0,644
0,643
0,642
0,641
0,640
0,639
0,638
0,637
0,636
0,635
0,634
0,633
0,632
0,631
0,630
0,629
0,628
0,627
0,626
0,625
0,624
0,623
0,622
0,621
0,620
0,619
0,618
0,617
2,2
2,1
0,616
0,615
2,5
0,614
0,613
0,612
0,611
0,610
0,609
0,608
0,607
0,606
0,605
0,604
0,603
0,602
0,601
0,600
0,599
0,340
0,537
0,308
0,535
0,305
0,533
0,531
0,529
0,527
0,525
0,523
0,521
0,519
0,517
0,515
0,513
0,511
0,311
0,310
0,0
0,307
0,306
0,13
0,339
0,11
0,9
103,34
103,33
103,32
103,31
103,30
103,29
103,28
103,27
103,26
103,25
103,24
103,23
103,22
103,21
103,20
103,19
103,18
103,17
103,16
103,15
103,14
103,13
103,12
103,11
103,10
103,9
103,8
103,7
103,6
103,5
103,4
103,3
103,2
103,0
0,484
0,469
0,303
0,483
0,468
0,302
0,467
0,301
0,466
0,300
0,482
0,465
0,299
0,481
0,464
0,298
